9879 2787 2881 8538 0241 2131 2056 7157 7294 2663 1030 0160 1423 4245 0707 7004 1837 2467 1809 8579
6516 3134 1110 8966 5911 6753 5781 9549 1190 7630 1016 0461 0092 2084 1611 8703 4719 1594 7777 3198
5963 9691 9081 4465 8698 5869 8117 0698 0350 5858 7306 2561 3002 5260 8018 6237 5804 2702 1118 7927
0143 9427 1994 3315 4736 4567 1150 2363 1652 9193 3491 3183 7078 7715 5629 8723 2620 2168 0686 6537
3862 3507 4372 4989 3023 4160 4439 8920 1579 7771 7999 4023 6976 5312 7650 1918 4730 1574 7878 7346
3543 2407 7782 4709 6426 1043 4797 3738 5225 1285 6818 3052 9439 6492 6881 5993 2789 5827 5389 5268
2570 3501 9760 1652 7530 2440 0352 7294 9728 1165 4488 6018 4637 1498 7557 1381 1608 5210 1230 8299
3765 9671 4087 5493 2326 6161 9223 4172 5473 9611 6685 3000 5928 5260 6021 0608 4637 5907 5682 4717
0128 3336 1511 1268 4485 8783 6134 7861 7169 0319 4749 3297 7387 9479 0456 9009 4194 5583 4084 8828
1021 3742 9294 0608 8000 1835 3596 7029 1060 2393 9916 3130 1564 7719 1357 4996 4012 0406 3840 7419
2225 6858 7517 8329 6335 8453 7998 4321 3895 3503 2729 4703 8473 3340 6178 1150 8201 7503 9905 6253
4939 6302 9984 7071 1918 3787 4843 9096 4074 0596 1105 1976 0588 4041 3689 0816 3626 2320 9122 5893
0715 0799 7785 9217 0773 0937 1637 8549 5400 6619 8880 8183 7722 8412 5947 1103 0817 3560 0230 8947
6529 8441 4061 4658 3397 0630 1574 7609 9250 9687 5285 2611 0122 9433 8528 2204 2083 9494 3158 6396
6785 0689 9374 5148 4613 7008 5966 6723 1634 6809 4752 9396 7801 7157 2636 4844 4240 8268 8292 9105
6856 9432 8219 0949 2021 3914 8664 8143 7602 7922 5757 9246 9251 7950 6066 2263 7500 1532 3773 1806
5993 8764 8655 3244 4941 5850 1150 5714 6785 7313 6937 5853 2940 0595 3648 0652 1505 5244 6609 0907
5876 9090 8830 6417 3271 5459 2873 0291 0410 8718 8642 2508 0772 0318 1724 2236 4194 3787 1409 4298
4904 5162 6227 7669 8533 4770 7513 2902 2109 7378 8275 0982 3614 0356 5496 8286 9273 3663 8856 1006
7430 1246 7858 7706 7597 0726 2321 0542 2061 7162 8302 4024 5302 7084 2669 5249 3399 1001 4687 0998
